### Normalized Confusion Matrices for each k Nearest Neighbors model with
    parameters p=1 and weights='uniform'. The entry C_ij of each matrix is the
    portion of observations known to be in group i but predicted to be in group
    j.


Normalized test Confusion Matrix for k = 5 : 
 [[0.51934405 0.44547047 0.03518548]
 [0.05142318 0.79301228 0.15556455]
 [0.01334556 0.35120385 0.63545058]]

Normalized train Confusion Matrix for k = 5 :
 [[0.64209521 0.33328026 0.02462453]
 [0.03282551 0.86519956 0.10197493]
 [0.01285677 0.26019293 0.7269503 ]]
----------------------------------------------------

Normalized test Confusion Matrix for k = 6 :
 [[0.55532559 0.40932972 0.03534469]
 [0.05698098 0.82708755 0.11593147]
 [0.01426278 0.40761293 0.57812428]]

Normalized train Confusion Matrix for k = 6 :
 [[0.6619965  0.29989917 0.03810434]
 [0.04159397 0.88555138 0.07285465]
 [0.01163377 0.3398407  0.64852552]]
----------------------------------------------------

Normalized test Confusion Matrix for k = 7 :
 [[0.50692565 0.4551823  0.03789206]
 [0.04524484 0.8017267  0.15302846]
 [0.01119009 0.35358863 0.63522128]]

Normalized train Confusion Matrix for k = 7 :
 [[0.58881282 0.37393196 0.03725521]
 [0.03245679 0.85826573 0.10927748]
 [0.01031905 0.28621222 0.70346873]]
----------------------------------------------------

Normalized test Confusion Matrix for k = 8 :
 [[0.52730457 0.43703232 0.03566311]
 [0.04983138 0.82892216 0.12124646]
 [0.0122449  0.39853245 0.58922266]]

Normalized train Confusion Matrix for k = 8 :
 [[0.60409701 0.35583506 0.04006793]
 [0.03794269 0.87663003 0.08542727]
 [0.01015089 0.3442435  0.64560561]]
----------------------------------------------------

Normalized test Confusion Matrix for k = 9 :
 [[0.48813883 0.46982964 0.04203152]
 [0.04359908 0.80682585 0.14957507]
 [0.01105251 0.35656959 0.63237789]]

Normalized train Confusion Matrix for k = 9 :
 [[0.55983654 0.39898105 0.0411824 ]
 [0.03240283 0.85384103 0.11375614]
 [0.01051779 0.30153028 0.68795194]]
----------------------------------------------------

Normalized test Confusion Matrix for k = 10 :
 [[0.50214934 0.45613756 0.0417131 ]
 [0.04527182 0.83083772 0.12389046]
 [0.01082321 0.39518459 0.5939922 ]]

Normalized train Confusion Matrix for k = 10 :
 [[0.56716022 0.38820782 0.04463196]
 [0.03558645 0.87000198 0.09441157]
 [0.00949353 0.34594041 0.64456606]]
----------------------------------------------------

Normalized test Confusion Matrix for k = 11 :
 [[0.47492438 0.48097437 0.04410126]
 [0.04068528 0.81259949 0.14671523]
 [0.01082321 0.3595047  0.62967209]]

Normalized train Confusion Matrix for k = 11 :
 [[0.53611421 0.42116436 0.04272144]
 [0.03186323 0.85058546 0.11755131]
 [0.01008974 0.31314876 0.6767615 ]]
----------------------------------------------------

Normalized test Confusion Matrix for k = 12 :
 [[0.48161121 0.47444674 0.04394205]
 [0.04241198 0.83005531 0.12753271]
 [0.01050218 0.39298326 0.59651456]]

Normalized train Confusion Matrix for k = 12 :
 [[0.54407472 0.40890516 0.04702011]
 [0.03439034 0.8642103  0.10139936]
 [0.00953939 0.34971642 0.64074419]]
----------------------------------------------------

Normalized test Confusion Matrix for k = 13 :
 [[0.46011782 0.49243751 0.04744467]
 [0.03809524 0.8161608  0.14574396]
 [0.01031873 0.3673928  0.62228847]]

Normalized train Confusion Matrix for k = 13 :
 [[0.51430239 0.43766916 0.04802845]
 [0.03148551 0.84817526 0.12033923]
 [0.0094018  0.32392644 0.66667176]]
----------------------------------------------------

Normalized test Confusion Matrix for k = 14 :
 [[0.46839675 0.4846362  0.04696704]
 [0.03984891 0.83040604 0.12974504]
 [0.01054804 0.39596423 0.59348773]]

Normalized train Confusion Matrix for k = 14 :
 [[0.51796423 0.43273364 0.04930213]
 [0.03278055 0.86160224 0.10561721]
 [0.0092795  0.35531164 0.63540886]]
----------------------------------------------------

Normalized test Confusion Matrix for k = 15 :
 [[0.45072441 0.49928355 0.04999204]
 [0.0366923  0.81740186 0.14590584]
 [0.01100665 0.37005274 0.61894061]]

Normalized train Confusion Matrix for k = 15 :
 [[0.49716075 0.45236958 0.05046967]
 [0.03071209 0.84601687 0.12327104]
 [0.00934065 0.3317842  0.65887515]]
----------------------------------------------------

Normalized test Confusion Matrix for k = 16 :
 [[0.44929151 0.5015125  0.04919599]
 [0.03733981 0.83172805 0.13093215]
 [0.01013529 0.39601009 0.59385462]]

Normalized train Confusion Matrix for k = 16 :
 [[0.49673619 0.45019371 0.05307011]
 [0.03151249 0.85741137 0.11107614]
 [0.00888203 0.35899592 0.63212206]]
----------------------------------------------------

Normalized test Confusion Matrix for k = 17 :
 [[0.4351218  0.51265722 0.05222098]
 [0.0351005  0.82028868 0.14461082]
 [0.01031873 0.37628984 0.61339142]]

Normalized train Confusion Matrix for k = 17 :
 [[0.47975375 0.46664544 0.05360081]
 [0.02974981 0.84509956 0.12515064]
 [0.00898904 0.33941265 0.65159831]]
----------------------------------------------------

Normalized test Confusion Matrix for k = 18 :
 [[0.43559943 0.51186117 0.0525394 ]
 [0.03512748 0.83305005 0.13182247]
 [0.0097684  0.40018344 0.59004815]]

Normalized train Confusion Matrix for k = 18 :
 [[0.47763095 0.46638009 0.05598896]
 [0.03040632 0.85548681 0.11410688]
 [0.00868329 0.36497332 0.62634339]]
----------------------------------------------------

Normalized test Confusion Matrix for k = 19 :
 [[0.42334023 0.52268747 0.0539723 ]
 [0.03356266 0.8208013  0.14563604]
 [0.00963082 0.38156386 0.60880532]]

Normalized train Confusion Matrix for k = 19 :
 [[0.4608608  0.4825134  0.0566258 ]
 [0.02907531 0.84459593 0.12632876]
 [0.00863743 0.34912021 0.64224237]]
----------------------------------------------------

Normalized test Confusion Matrix for k = 20 :
 [[0.42636523 0.51679669 0.05683808]
 [0.03453393 0.83126939 0.13419668]
 [0.0097684  0.40279752 0.58743407]]

Normalized train Confusion Matrix for k = 20 :
 [[0.46197527 0.47779016 0.06023457]
 [0.03011853 0.85298667 0.1168948 ]
 [0.00868329 0.37046153 0.62085518]]
----------------------------------------------------

Normalized test Confusion Matrix for k = 21 :
 [[0.41394682 0.52730457 0.05874861]
 [0.0336436  0.8202617  0.1460947 ]
 [0.00963082 0.38825957 0.60210961]]

Normalized train Confusion Matrix for k = 21 :
 [[0.44902616 0.48914716 0.06182667]
 [0.02873356 0.84239258 0.12887386]
 [0.00848455 0.35544922 0.63606623]]
----------------------------------------------------

Normalized test Confusion Matrix for k = 22 :
 [[0.41983761 0.51870721 0.06145518]
 [0.03385944 0.82859841 0.13754216]
 [0.00930979 0.40697088 0.58371933]]

Normalized train Confusion Matrix for k = 22 :
 [[0.44960993 0.48596296 0.06442711]
 [0.02965088 0.85036962 0.1199795 ]
 [0.00834696 0.37445156 0.61720147]]
----------------------------------------------------

Normalized test Confusion Matrix for k = 23 :
 [[0.40598631 0.53192167 0.06209202]
 [0.03267233 0.81958721 0.14774046]
 [0.00908049 0.39573492 0.59518459]]

Normalized train Confusion Matrix for k = 23 :
 [[0.4372446  0.49885899 0.06389641]
 [0.02811303 0.84091768 0.1309693 ]
 [0.00811765 0.36310825 0.6287741 ]]
----------------------------------------------------

Normalized test Confusion Matrix for k = 24 :
 [[0.40964815 0.52714536 0.0632065 ]
 [0.03345474 0.82687171 0.13967355]
 [0.00921807 0.41238248 0.57839945]]

Normalized train Confusion Matrix for k = 24 :
 [[0.43650162 0.49731996 0.06617842]
 [0.02890444 0.84817526 0.1229203 ]
 [0.00810236 0.38128507 0.61061257]]
----------------------------------------------------

Normalized test Confusion Matrix for k = 25 :
 [[0.39945868 0.53797166 0.06256965]
 [0.03215972 0.81980305 0.14803723]
 [0.00898876 0.40302683 0.58798441]]

Normalized train Confusion Matrix for k = 25 :
 [[0.42498541 0.50979143 0.06522316]
 [0.02786122 0.84066586 0.13147292]
 [0.00822466 0.37292281 0.61885252]]
----------------------------------------------------

Normalized test Confusion Matrix for k = 26 :
 [[0.40248368 0.53144404 0.06607228]
 [0.03302307 0.82530689 0.14167004]
 [0.0089429  0.41866544 0.57239165]]

Normalized train Confusion Matrix for k = 26 :
 [[0.42816961 0.5046967  0.06713368]
 [0.02872457 0.84654748 0.12472795]
 [0.00823995 0.39007537 0.60168468]]
----------------------------------------------------

Normalized test Confusion Matrix for k = 27 :
 [[0.38926922 0.5448177  0.06591307]
 [0.03162013 0.81896668 0.14941319]
 [0.00866774 0.41109837 0.58023389]]

Normalized train Confusion Matrix for k = 27 :
 [[0.41293849 0.51891949 0.06814202]
 [0.02724967 0.83991043 0.1328399 ]
 [0.00791892 0.38159082 0.61049027]]
----------------------------------------------------

Normalized test Confusion Matrix for k = 28 :
 [[0.3919758  0.53988218 0.06814202]
 [0.03172805 0.82514502 0.14312694]
 [0.00866774 0.42581977 0.5655125 ]]

Normalized train Confusion Matrix for k = 28 :
 [[0.41277928 0.51637213 0.07084859]
 [0.02749249 0.84553123 0.12697628]
 [0.00782719 0.39732163 0.59485118]]
----------------------------------------------------

Normalized test Confusion Matrix for k = 29 :
 [[0.38290081 0.5478427  0.06925649]
 [0.0305949  0.81856199 0.15084311]
 [0.00853015 0.41894061 0.57252924]]

Normalized train Confusion Matrix for k = 29 :
 [[0.40497798 0.52348352 0.0715385 ]
 [0.02676403 0.83946976 0.13376621]
 [0.00785777 0.39057985 0.60156238]]
----------------------------------------------------

Normalized test Confusion Matrix for k = 30 :
 [[0.38512976 0.54274797 0.07212227]
 [0.03113449 0.82495616 0.14390935]
 [0.00880532 0.43205687 0.55913781]]

Normalized train Confusion Matrix for k = 30 :
 [[0.4022714  0.52443878 0.07328982]
 [0.02711477 0.84439808 0.12848715]
 [0.00796478 0.40495009 0.58708514]]
----------------------------------------------------

time : 7.176800843079885
