### Normalized Confusion Matrices for each k Nearest Neighbors model with
    parameters p=2 and weights='uniform'. The entry C_ij of each matrix is the
    portion of observations known to be in group i but predicted to be in group
    j.


Normalized test Confusion Matrix for k = 5 :
 [[0.50071645 0.45757045 0.0417131 ]
 [0.05374342 0.78804802 0.15820855]
 [0.01701445 0.36404494 0.61894061]]

Normalized train Confusion Matrix for k = 5 :
 [[0.62527198 0.34569867 0.02902935]
 [0.03439934 0.86290627 0.10269439]
 [0.01573082 0.27031324 0.71395594]]
----------------------------------------------------

Normalized test Confusion Matrix for k = 6 :
 [[0.53001114 0.4274797  0.04250915]
 [0.05876163 0.8234453  0.11779307]
 [0.01756478 0.42536116 0.55707407]]

Normalized train Confusion Matrix for k = 6 :
 [[0.64278512 0.3138566  0.04335828]
 [0.04232243 0.88412145 0.07355613]
 [0.01386575 0.35138275 0.6347515 ]]
----------------------------------------------------

Normalized test Confusion Matrix for k = 7 :
 [[0.47603885 0.47763095 0.0463302 ]
 [0.04748415 0.79951437 0.15300148]
 [0.01343729 0.37106168 0.61550103]]

Normalized train Confusion Matrix for k = 7 :
 [[0.57103434 0.38873852 0.04022714]
 [0.0332392  0.85760023 0.10916057]
 [0.01278033 0.29816703 0.68905263]]
----------------------------------------------------

Normalized test Confusion Matrix for k = 8 :
 [[0.50230855 0.45502309 0.04266836]
 [0.05198975 0.82581951 0.12219075]
 [0.01504242 0.41669342 0.56826416]]

Normalized train Confusion Matrix for k = 8 :
 [[0.58451414 0.3719153  0.04357056]
 [0.03929169 0.87531701 0.0853913 ]
 [0.01261217 0.35717671 0.63021112]]
----------------------------------------------------

Normalized test Confusion Matrix for k = 9 :
 [[0.46186913 0.49020857 0.04792231]
 [0.04521786 0.80518009 0.14960205]
 [0.01417106 0.37463884 0.61119009]]

Normalized train Confusion Matrix for k = 9 :
 [[0.53956376 0.41548586 0.04495038]
 [0.03362592 0.85262694 0.11374714]
 [0.01261217 0.31660373 0.67078409]]
----------------------------------------------------

Normalized test Confusion Matrix for k = 10 :
 [[0.47333227 0.47858621 0.04808152]
 [0.04726831 0.82813975 0.12459193]
 [0.01297867 0.41288695 0.57413437]]

Normalized train Confusion Matrix for k = 10 :
 [[0.54434007 0.40577403 0.0498859 ]
 [0.03631491 0.86871594 0.09496915]
 [0.011114   0.36287894 0.62600706]]
----------------------------------------------------

Normalized test Confusion Matrix for k = 11 :
 [[0.44706257 0.50183092 0.05110651]
 [0.04262782 0.81011736 0.14725482]
 [0.01325384 0.3804632  0.60628296]]

Normalized train Confusion Matrix for k = 11 :
 [[0.51419625 0.43867749 0.04712625]
 [0.03304135 0.84857996 0.11837869]
 [0.01177136 0.33004143 0.65818721]]
----------------------------------------------------

Normalized test Confusion Matrix for k = 12 :
 [[0.45534151 0.49307435 0.05158414]
 [0.04354512 0.826494   0.12996088]
 [0.01270351 0.41362073 0.57367576]]

Normalized train Confusion Matrix for k = 12 :
 [[0.51918484 0.42790426 0.0529109 ]
 [0.03526269 0.86154828 0.10318902]
 [0.01137389 0.36714415 0.62148197]]
----------------------------------------------------

Normalized test Confusion Matrix for k = 13 :
 [[0.43193759 0.51186117 0.05620124]
 [0.03936328 0.81270741 0.14792931]
 [0.01238248 0.38936024 0.59825728]]

Normalized train Confusion Matrix for k = 13 :
 [[0.49158839 0.45497002 0.0534416 ]
 [0.03213303 0.84633164 0.12153533]
 [0.01134331 0.34185865 0.64679804]]
----------------------------------------------------

Normalized test Confusion Matrix for k = 14 :
 [[0.43623627 0.50963222 0.05413151]
 [0.04082018 0.82627816 0.13290166]
 [0.0122449  0.41618895 0.57156615]]

Normalized train Confusion Matrix for k = 14 :
 [[0.495834   0.44902616 0.05513984]
 [0.03393169 0.85766318 0.10840513]
 [0.01108342 0.37166924 0.61724734]]
----------------------------------------------------

Normalized test Confusion Matrix for k = 15 :
 [[0.41888234 0.52220984 0.05890782]
 [0.03852691 0.81424524 0.14722784]
 [0.01238248 0.39279982 0.5948177 ]]

Normalized train Confusion Matrix for k = 15 :
 [[0.47503052 0.46802526 0.05694422]
 [0.03193518 0.84355271 0.12451211]
 [0.01115986 0.35129103 0.63754911]]
----------------------------------------------------

Normalized test Confusion Matrix for k = 16 :
 [[0.42238497 0.51775195 0.05986308]
 [0.03812222 0.82716849 0.13470929]
 [0.01206145 0.41568448 0.57225407]]

Normalized train Confusion Matrix for k = 16 :
 [[0.47163403 0.46908666 0.05927931]
 [0.03276256 0.85426372 0.11297372]
 [0.0102579  0.37795239 0.61178971]]
----------------------------------------------------

Normalized test Confusion Matrix for k = 17 :
 [[0.40646394 0.53048878 0.06304729]
 [0.03582895 0.81559423 0.14857682]
 [0.0116487  0.3981197  0.5902316 ]]

Normalized train Confusion Matrix for k = 17 :
 [[0.45385554 0.48638752 0.05975694]
 [0.03106283 0.84107955 0.12785762]
 [0.01051779 0.35953098 0.62995123]]
----------------------------------------------------

Normalized test Confusion Matrix for k = 18 :
 [[0.41124025 0.52841904 0.06034071]
 [0.0365574  0.82703359 0.13640901]
 [0.01192387 0.42017886 0.56789727]]

Normalized train Confusion Matrix for k = 18 :
 [[0.45274107 0.4835748  0.06368413]
 [0.03173732 0.85103513 0.11722755]
 [0.01016617 0.38530567 0.60452815]]
----------------------------------------------------

Normalized test Confusion Matrix for k = 19 :
 [[0.39834421 0.54035982 0.06129597]
 [0.03477674 0.81788749 0.14733576]
 [0.01183215 0.40486127 0.58330658]]

Normalized train Confusion Matrix for k = 19 :
 [[0.43703232 0.50055724 0.06241044]
 [0.03010954 0.84071083 0.12917963]
 [0.0103802  0.37029337 0.61932643]]
----------------------------------------------------

Normalized test Confusion Matrix for k = 20 :
 [[0.40089158 0.53685719 0.06225123]
 [0.03534332 0.82719547 0.13746122]
 [0.01192387 0.42517771 0.56289842]]

Normalized train Confusion Matrix for k = 20 :
 [[0.43745688 0.49631163 0.06623149]
 [0.03111679 0.8490656  0.11981762]
 [0.01045664 0.39082445 0.59871891]]
----------------------------------------------------

Normalized test Confusion Matrix for k = 21 :
 [[0.38799554 0.54975322 0.06225123]
 [0.03415621 0.81699717 0.14884662]
 [0.01169457 0.41206145 0.57624398]]

Normalized train Confusion Matrix for k = 21 :
 [[0.4228626  0.51111819 0.06601921]
 [0.02974081 0.8392809  0.13097829]
 [0.01015089 0.3772186  0.61263052]]
----------------------------------------------------

Normalized test Confusion Matrix for k = 22 :
 [[0.39245343 0.54258876 0.06495781]
 [0.03447997 0.82487522 0.14064481]
 [0.0114194  0.4301307  0.5584499 ]]

Normalized train Confusion Matrix for k = 22 :
 [[0.42291567 0.50873003 0.0683543 ]
 [0.03047826 0.84587298 0.12364876]
 [0.01031905 0.39547185 0.5942091 ]]
----------------------------------------------------

Normalized test Confusion Matrix for k = 23 :
 [[0.38194555 0.55293743 0.06511702]
 [0.0333738  0.81702415 0.14960205]
 [0.01146526 0.42022472 0.56831002]]

Normalized train Confusion Matrix for k = 23 :
 [[0.41272621 0.51897256 0.06830123]
 [0.02955195 0.83710452 0.13334353]
 [0.01018146 0.38610062 0.60371792]]
----------------------------------------------------

Normalized test Confusion Matrix for k = 24 :
 [[0.38242318 0.55070849 0.06686833]
 [0.03385944 0.82379603 0.14234453]
 [0.01146526 0.4359092  0.55262554]]

Normalized train Confusion Matrix for k = 24 :
 [[0.41198323 0.51621292 0.07180385]
 [0.03005558 0.84385848 0.12608594]
 [0.01036491 0.40274869 0.5868864 ]]
----------------------------------------------------

Normalized test Confusion Matrix for k = 25 :
 [[0.37780608 0.55261901 0.06957491]
 [0.03302307 0.81678133 0.1501956 ]
 [0.01132768 0.4280211  0.56065123]]

Normalized train Confusion Matrix for k = 25 :
 [[0.40317359 0.5251287  0.07169771]
 [0.0290843  0.83567459 0.13524111]
 [0.01021204 0.39478391 0.59500405]]
----------------------------------------------------

Normalized test Confusion Matrix for k = 26 :
 [[0.37844292 0.55309664 0.06846044]
 [0.0336436  0.82279779 0.14355861]
 [0.01114423 0.44141252 0.54744325]]

Normalized train Confusion Matrix for k = 26 :
 [[0.40205912 0.52555326 0.07238762]
 [0.02965987 0.84127741 0.12906272]
 [0.01056365 0.41117209 0.57826426]]
----------------------------------------------------

Normalized test Confusion Matrix for k = 27 :
 [[0.37016399 0.55882821 0.0710078 ]
 [0.03237556 0.81559423 0.15203022]
 [0.01086907 0.43297409 0.55615684]]

Normalized train Confusion Matrix for k = 27 :
 [[0.39282492 0.53383219 0.07334289]
 [0.02837383 0.83507204 0.13655413]
 [0.01030376 0.4027334  0.58696284]]
----------------------------------------------------

Normalized test Confusion Matrix for k = 28 :
 [[0.36761662 0.55835058 0.0740328 ]
 [0.03275327 0.82169162 0.14555511]
 [0.01082321 0.44952992 0.53964687]]

Normalized train Confusion Matrix for k = 28 :
 [[0.38847317 0.53653877 0.07498806]
 [0.02861665 0.84054895 0.1308344 ]
 [0.01004388 0.41927446 0.57068167]]
----------------------------------------------------

Normalized test Confusion Matrix for k = 29 :
 [[0.36156663 0.56583347 0.0725999 ]
 [0.03129637 0.81508161 0.15362202]
 [0.01119009 0.44081633 0.54799358]]

Normalized train Confusion Matrix for k = 29 :
 [[0.38263546 0.54253569 0.07482885]
 [0.02754645 0.8348562  0.13759735]
 [0.0101356  0.41204348 0.57782092]]
----------------------------------------------------

Normalized test Confusion Matrix for k = 30 :
 [[0.36204426 0.56296768 0.07498806]
 [0.03153919 0.82142183 0.14703899]
 [0.01105251 0.4556753  0.53327219]]

Normalized train Confusion Matrix for k = 30 :
 [[0.38226397 0.54136815 0.07636788]
 [0.02818497 0.83957768 0.13223735]
 [0.01005916 0.42788131 0.56205953]]
----------------------------------------------------

time : 5.477943988641103
