### Normalized Confusion Matrices for each k Nearest Neighbors model with
    parameters p=1 and weights='distance'. The entry C_ij of each matrix is the
    portion of observations known to be in group i but predicted to be in group
    j.


Normalized test Confusion Matrix for k = 5 :
 [[0.52125458 0.43384811 0.04489731]
 [0.05215163 0.77752597 0.17032241]
 [0.01215318 0.34404953 0.64379729]]

Normalized train Confusion Matrix for k = 5 :
 [[9.96709653e-01 3.13113623e-03 1.59210317e-04]
 [3.35449754e-03 9.94684965e-01 1.96053744e-03]
 [1.11598612e-03 2.68295293e-02 9.72054485e-01]]
----------------------------------------------------

Normalized test Confusion Matrix for k = 6 :
 [[0.518548   0.43750995 0.04394205]
 [0.04910293 0.78367732 0.16721975]
 [0.01151112 0.34294886 0.64554001]]

Normalized train Confusion Matrix for k = 6 :
 [[9.96603513e-01 3.23727644e-03 1.59210317e-04]
 [3.31852438e-03 9.94756911e-01 1.92456428e-03]
 [1.10069864e-03 2.69518291e-02 9.71947472e-01]]
----------------------------------------------------

Normalized test Confusion Matrix for k = 7 :
 [[0.51377169 0.44403757 0.04219073]
 [0.0479428  0.78769729 0.16435991]
 [0.01082321 0.34427884 0.64489796]]

Normalized train Confusion Matrix for k = 7 :
 [[9.96603513e-01 3.23727644e-03 1.59210317e-04]
 [3.31852438e-03 9.94756911e-01 1.92456428e-03]
 [1.10069864e-03 2.69518291e-02 9.71947472e-01]]
----------------------------------------------------

Normalized test Confusion Matrix for k = 8 :
 [[0.51122433 0.44499284 0.04378284]
 [0.04678268 0.79190611 0.16131121]
 [0.01050218 0.3437285  0.64576932]]

Normalized train Confusion Matrix for k = 8 :
 [[9.96603513e-01 3.23727644e-03 1.59210317e-04]
 [3.31852438e-03 9.94756911e-01 1.92456428e-03]
 [1.10069864e-03 2.69518291e-02 9.71947472e-01]]
----------------------------------------------------

Normalized test Confusion Matrix for k = 9 :
 [[0.50390065 0.45247572 0.04362363]
 [0.04535276 0.79522461 0.15942264]
 [0.01022701 0.34441642 0.64535657]]

Normalized train Confusion Matrix for k = 9 :
 [[9.96603513e-01 3.23727644e-03 1.59210317e-04]
 [3.31852438e-03 9.94720938e-01 1.96053744e-03]
 [1.10069864e-03 2.68448168e-02 9.72054485e-01]]
----------------------------------------------------

Normalized test Confusion Matrix for k = 10 :
 [[0.50183092 0.45486388 0.04330521]
 [0.04427357 0.79859706 0.15712937]
 [0.01008943 0.34501261 0.64489796]]

Normalized train Confusion Matrix for k = 10 :
 [[9.96603513e-01 3.23727644e-03 1.59210317e-04]
 [3.31852438e-03 9.94720938e-01 1.96053744e-03]
 [1.10069864e-03 2.68448168e-02 9.72054485e-01]]
----------------------------------------------------

Normalized test Confusion Matrix for k = 11 :
 [[0.49737303 0.45916255 0.04346442]
 [0.04338325 0.80148388 0.15513287]
 [0.01004357 0.34698464 0.6429718 ]]

Normalized train Confusion Matrix for k = 11 :
 [[9.96603513e-01 3.23727644e-03 1.59210317e-04]
 [3.31852438e-03 9.94720938e-01 1.96053744e-03]
 [1.10069864e-03 2.68448168e-02 9.72054485e-01]]
----------------------------------------------------

Normalized test Confusion Matrix for k = 12 :
 [[0.4953033  0.46155071 0.043146  ]
 [0.04222312 0.80345339 0.15432349]
 [0.00981426 0.34781014 0.6423756 ]]

Normalized train Confusion Matrix for k = 12 :
 [[9.96603513e-01 3.23727644e-03 1.59210317e-04]
 [3.31852438e-03 9.94720938e-01 1.96053744e-03]
 [1.10069864e-03 2.68448168e-02 9.72054485e-01]]
----------------------------------------------------

Normalized test Confusion Matrix for k = 13 :
 [[0.49275593 0.46330202 0.04394205]
 [0.04179145 0.8058276  0.15238095]
 [0.00967668 0.34872736 0.64159596]]

Normalized train Confusion Matrix for k = 13 :
 [[9.96603513e-01 3.23727644e-03 1.59210317e-04]
 [3.31852438e-03 9.94720938e-01 1.96053744e-03]
 [1.10069864e-03 2.68448168e-02 9.72054485e-01]]
----------------------------------------------------

Normalized test Confusion Matrix for k = 14 :
 [[0.48590989 0.47014807 0.04394205]
 [0.04108998 0.80785107 0.15105895]
 [0.00990598 0.347856   0.64223802]]

Normalized train Confusion Matrix for k = 14 :
 [[9.96603513e-01 3.23727644e-03 1.59210317e-04]
 [3.31852438e-03 9.94720938e-01 1.96053744e-03]
 [1.10069864e-03 2.68448168e-02 9.72054485e-01]]
----------------------------------------------------

Normalized test Confusion Matrix for k = 15 :
 [[0.48543226 0.47046649 0.04410126]
 [0.03990287 0.80879536 0.15130177]
 [0.00967668 0.35001147 0.64031186]]

Normalized train Confusion Matrix for k = 15 :
 [[9.96603513e-01 3.23727644e-03 1.59210317e-04]
 [3.31852438e-03 9.94720938e-01 1.96053744e-03]
 [1.10069864e-03 2.68448168e-02 9.72054485e-01]]
----------------------------------------------------

Normalized test Confusion Matrix for k = 16 :
 [[0.47938226 0.47572043 0.04489731]
 [0.03949818 0.81027924 0.15022258]
 [0.00967668 0.3513873  0.63893602]]

Normalized train Confusion Matrix for k = 16 :
 [[9.96603513e-01 3.23727644e-03 1.59210317e-04]
 [3.31852438e-03 9.94720938e-01 1.96053744e-03]
 [1.10069864e-03 2.68448168e-02 9.72054485e-01]]
----------------------------------------------------

Normalized test Confusion Matrix for k = 17 :
 [[0.47572043 0.47890463 0.04537494]
 [0.03912046 0.81133144 0.14954809]
 [0.00958496 0.35189177 0.63852327]]

Normalized train Confusion Matrix for k = 17 :
 [[9.96603513e-01 3.23727644e-03 1.59210317e-04]
 [3.31852438e-03 9.94720938e-01 1.96053744e-03]
 [1.10069864e-03 2.68448168e-02 9.72054485e-01]]
----------------------------------------------------

Normalized test Confusion Matrix for k = 18 :
 [[0.47237701 0.48272568 0.04489731]
 [0.03893161 0.81197896 0.14908944]
 [0.0095391  0.35184591 0.638615  ]]

Normalized train Confusion Matrix for k = 18 :
 [[9.96603513e-01 3.23727644e-03 1.59210317e-04]
 [3.31852438e-03 9.94720938e-01 1.96053744e-03]
 [1.10069864e-03 2.68448168e-02 9.72054485e-01]]
----------------------------------------------------

Normalized test Confusion Matrix for k = 19 :
 [[0.4691928  0.48527305 0.04553415]
 [0.03890463 0.81195198 0.1491434 ]
 [0.00944737 0.3532676  0.63728503]]

Normalized train Confusion Matrix for k = 19 :
 [[9.96603513e-01 3.23727644e-03 1.59210317e-04]
 [3.31852438e-03 9.94720938e-01 1.96053744e-03]
 [1.10069864e-03 2.68448168e-02 9.72054485e-01]]
----------------------------------------------------

Normalized test Confusion Matrix for k = 20 :
 [[0.46393886 0.49052699 0.04553415]
 [0.03831108 0.81365169 0.14803723]
 [0.00940151 0.35450585 0.63609264]]

Normalized train Confusion Matrix for k = 20 :
 [[9.96603513e-01 3.23727644e-03 1.59210317e-04]
 [3.31852438e-03 9.94720938e-01 1.96053744e-03]
 [1.10069864e-03 2.68448168e-02 9.72054485e-01]]
----------------------------------------------------

Normalized test Confusion Matrix for k = 21 :
 [[0.46186913 0.49148225 0.04664862]
 [0.03839201 0.81432618 0.1472818 ]
 [0.00912635 0.35629443 0.63457922]]

Normalized train Confusion Matrix for k = 21 :
 [[9.96603513e-01 3.23727644e-03 1.59210317e-04]
 [3.31852438e-03 9.94720938e-01 1.96053744e-03]
 [1.10069864e-03 2.68448168e-02 9.72054485e-01]]
----------------------------------------------------

Normalized test Confusion Matrix for k = 22 :
 [[0.45932176 0.49243751 0.04824073]
 [0.03785242 0.81473088 0.1474167 ]
 [0.00885118 0.35744095 0.63370787]]

Normalized train Confusion Matrix for k = 22 :
 [[9.96603513e-01 3.23727644e-03 1.59210317e-04]
 [3.31852438e-03 9.94720938e-01 1.96053744e-03]
 [1.10069864e-03 2.68448168e-02 9.72054485e-01]]
----------------------------------------------------

Normalized test Confusion Matrix for k = 23 :
 [[0.4583665  0.49418882 0.04744467]
 [0.03704303 0.81594496 0.14701201]
 [0.00885118 0.35812887 0.63301995]]

Normalized train Confusion Matrix for k = 23 :
 [[9.96603513e-01 3.23727644e-03 1.59210317e-04]
 [3.31852438e-03 9.94720938e-01 1.96053744e-03]
 [1.10069864e-03 2.68448168e-02 9.72054485e-01]]
----------------------------------------------------

Normalized test Confusion Matrix for k = 24 :
 [[0.4567744  0.49466645 0.04855915]
 [0.03712397 0.81607986 0.14679617]
 [0.0089429  0.35968814 0.63136895]]

Normalized train Confusion Matrix for k = 24 :
 [[9.96603513e-01 3.23727644e-03 1.59210317e-04]
 [3.31852438e-03 9.94720938e-01 1.96053744e-03]
 [1.10069864e-03 2.68448168e-02 9.72054485e-01]]
----------------------------------------------------

Normalized test Confusion Matrix for k = 25 :
 [[0.45327177 0.4984875  0.04824073]
 [0.03639552 0.81737488 0.1462296 ]
 [0.00889704 0.36051364 0.63058931]]

Normalized train Confusion Matrix for k = 25 :
 [[9.96603513e-01 3.23727644e-03 1.59210317e-04]
 [3.31852438e-03 9.94720938e-01 1.96053744e-03]
 [1.10069864e-03 2.68448168e-02 9.72054485e-01]]
----------------------------------------------------

Normalized test Confusion Matrix for k = 26 :
 [[0.45104283 0.49992039 0.04903678]
 [0.0365574  0.81753676 0.14590584]
 [0.00885118 0.3622105  0.62893832]]

Normalized train Confusion Matrix for k = 26 :
 [[9.96603513e-01 3.23727644e-03 1.59210317e-04]
 [3.31852438e-03 9.94720938e-01 1.96053744e-03]
 [1.10069864e-03 2.68448168e-02 9.72054485e-01]]
----------------------------------------------------

Normalized test Confusion Matrix for k = 27 :
 [[0.4459481  0.50421907 0.04983283]
 [0.03623364 0.81818427 0.14558209]
 [0.00885118 0.36376978 0.62737904]]

Normalized train Confusion Matrix for k = 27 :
 [[9.96603513e-01 3.23727644e-03 1.59210317e-04]
 [3.31852438e-03 9.94720938e-01 1.96053744e-03]
 [1.10069864e-03 2.68448168e-02 9.72054485e-01]]
----------------------------------------------------

Normalized test Confusion Matrix for k = 28 :
 [[0.44801783 0.50246776 0.04951441]
 [0.03593687 0.81834615 0.14571698]
 [0.00880532 0.36459528 0.6265994 ]]

Normalized train Confusion Matrix for k = 28 :
 [[9.96603513e-01 3.23727644e-03 1.59210317e-04]
 [3.31852438e-03 9.94720938e-01 1.96053744e-03]
 [1.10069864e-03 2.68448168e-02 9.72054485e-01]]
----------------------------------------------------

Normalized test Confusion Matrix for k = 29 :
 [[0.4445152  0.50565197 0.04983283]
 [0.03577499 0.81929044 0.14493457]
 [0.00866774 0.36537491 0.62595735]]

Normalized train Confusion Matrix for k = 29 :
 [[9.96603513e-01 3.23727644e-03 1.59210317e-04]
 [3.31852438e-03 9.94720938e-01 1.96053744e-03]
 [1.10069864e-03 2.68448168e-02 9.72054485e-01]]
----------------------------------------------------

Normalized test Confusion Matrix for k = 30 :
 [[0.44228626 0.50708486 0.05062888]
 [0.03585593 0.81899366 0.14515041]
 [0.00885118 0.36597111 0.62517771]]

Normalized train Confusion Matrix for k = 30 :
 [[9.96603513e-01 3.23727644e-03 1.59210317e-04]
 [3.31852438e-03 9.94720938e-01 1.96053744e-03]
 [1.10069864e-03 2.68448168e-02 9.72054485e-01]]
----------------------------------------------------

time : 3.939923107624054
